image: ./simple_map.pgm
resolution: 0.20000
origin: [-3.100000, -3.100000, 0.000000]
negate: 0
occupied_thresh: 0.65
free_thresh: 0.196

